100 100
0 1 2 3 4 5 6 7 8 9 1 2 3 4 5 6 7 8 9 0 4 5 6 7 8 6 0 1 2 3 4 6 9 3 4 5 6 3 8 3 2 3 4 5 6 7 8 7 0 1 6 1 2 3 8 9 5 1 8 2 4 5 6 7 8 6 0 1 2 3 9 1 2 3 4 5 6 7 8 0 1 2 3 4 5 6 7 8 9 0 1 2 3 4 5 6 7 8 9 0
1 2 3 4 5 6 7 8 9 0 1 2 3 4 5 6 7 8 9 0 4 5 6 7 8 6 0 1 2 3 4 6 9 3 4 5 6 3 8 3 2 3 4 5 6 7 8 7 0 1 6 1 2 3 8 9 5 1 8 2 4 5 6 7 8 6 0 1 2 3 9 1 2 3 4 5 6 7 8 0 1 2 3 4 5 6 7 8 9 0 1 2 3 4 5 6 7 8 9 0
2 3 4 5 6 7 8 7 0 1 1 2 3 4 5 6 7 8 9 0 4 5 6 7 8 6 0 1 2 3 4 6 9 3 4 5 6 3 8 3 2 3 4 5 6 7 8 7 0 1 6 1 2 3 8 9 5 1 8 2 4 5 6 7 8 6 0 1 2 3 9 1 2 3 4 5 6 7 8 0 1 2 3 4 5 6 7 8 9 0 1 2 3 4 5 6 7 8 9 0
4 5 6 7 8 6 0 1 2 3 1 2 3 4 5 6 7 8 9 0 4 5 6 7 8 6 0 1 2 3 4 6 9 3 4 5 6 3 8 3 2 3 4 5 6 7 8 7 0 1 6 1 2 3 8 9 5 1 8 2 4 5 6 7 8 6 0 1 2 3 9 1 2 3 4 5 6 7 8 0 1 2 3 4 5 6 7 8 9 0 1 2 3 4 5 6 7 8 9 0
3 4 5 6 7 8 5 4 1 2 3 4 5 6 7 8 5 4 1 2 4 6 9 3 4 5 6 3 8 3 7 8 6 0 1 2 3 4 6 9 3 4 5 6 3 8 3 2 3 4 5 6 7 8 7 0 1 6 1 2 3 4 5 6 3 8 3 2 3 4 5 6 7 8 7 0 1 6 1 2 3 8 9 5 1 8 2 4 5 7 8 7 0 1 6 1 2 3 1 2
6 1 2 3 8 9 5 1 8 2 7 8 5 4 1 2 4 6 9 3 4 5 6 3 8 3 7 8 6 0 1 2 3 4 6 9 3 4 5 6 3 8 3 2 3 4 5 6 7 8 7 0 1 6 1 2 3 4 5 6 3 8 3 2 3 4 5 6 7 8 7 0 1 6 1 2 3 8 9 5 1 8 2 4 5 7 8 6 0 1 2 3 5 6 7 8 5 3 7 6
0 8 7 2 4 5 4 5 2 1 3 4 5 6 7 8 5 4 1 2 4 6 9 3 4 5 6 3 8 3 7 8 6 0 1 2 3 4 6 9 3 4 5 6 3 8 3 2 3 4 5 6 7 8 7 0 1 6 1 2 3 4 5 6 3 8 3 2 3 4 5 6 7 8 7 0 1 6 1 2 3 8 9 5 1 8 2 4 5 7 8 7 0 1 6 1 2 3 1 2
9 1 2 3 4 5 6 7 8 0 7 8 5 4 1 2 4 6 9 3 4 5 6 3 8 3 7 8 6 0 1 2 3 4 6 9 3 4 5 6 3 8 3 2 3 4 5 6 7 8 7 0 1 6 1 2 3 4 5 6 3 8 3 2 3 4 5 6 7 8 7 0 1 6 1 2 3 8 9 5 1 8 2 4 5 7 8 6 0 1 2 3 5 6 7 8 5 3 7 6
0 1 2 3 4 5 6 7 8 9 1 2 3 4 5 6 7 8 9 0 4 5 6 7 8 6 0 1 2 3 4 6 9 3 4 5 6 3 8 3 2 3 4 5 6 7 8 7 0 1 6 1 2 3 8 9 5 1 8 2 4 5 6 7 8 6 0 1 2 3 9 1 2 3 4 5 6 7 8 0 1 2 3 4 5 6 7 8 9 0 1 2 3 4 5 6 7 8 9 0
1 2 3 4 5 6 7 8 9 0 1 2 3 4 5 6 7 8 9 0 4 5 6 7 8 6 0 1 2 3 4 6 9 3 4 5 6 3 8 3 2 3 4 5 6 7 8 7 0 1 6 1 2 3 8 9 5 1 8 2 4 5 6 7 8 6 0 1 2 3 9 1 2 3 4 5 6 7 8 0 1 2 3 4 5 6 7 8 9 0 1 2 3 4 5 6 7 8 9 0
2 3 4 5 6 7 8 7 0 1 1 2 3 4 5 6 7 8 9 0 4 5 6 7 8 6 0 1 2 3 4 6 9 3 4 5 6 3 8 3 2 3 4 5 6 7 8 7 0 1 6 1 2 3 8 9 5 1 8 2 4 5 6 7 8 6 0 1 2 3 9 1 2 3 4 5 6 7 8 0 1 2 3 4 5 6 7 8 9 0 1 2 3 4 5 6 7 8 9 0
4 5 6 7 8 6 0 1 2 3 1 2 3 4 5 6 7 8 9 0 4 5 6 7 8 6 0 1 2 3 4 6 9 3 4 5 6 3 8 3 2 3 4 5 6 7 8 7 0 1 6 1 2 3 8 9 5 1 8 2 4 5 6 7 8 6 0 1 2 3 9 1 2 3 4 5 6 7 8 0 1 2 3 4 5 6 7 8 9 0 1 2 3 4 5 6 7 8 9 0
3 4 5 6 7 8 5 4 1 2 3 4 5 6 7 8 5 4 1 2 4 6 9 3 4 5 6 3 8 3 7 8 6 0 1 2 3 4 6 9 3 4 5 6 3 8 3 2 3 4 5 6 7 8 7 0 1 6 1 2 3 4 5 6 3 8 3 2 3 4 5 6 7 8 7 0 1 6 1 2 3 8 9 5 1 8 2 4 5 7 8 7 0 1 6 1 2 3 1 2
6 1 2 3 8 9 5 1 8 2 7 8 5 4 1 2 4 6 9 3 4 5 6 3 8 3 7 8 6 0 1 2 3 4 6 9 3 4 5 6 3 8 3 2 3 4 5 6 7 8 7 0 1 6 1 2 3 4 5 6 3 8 3 2 3 4 5 6 7 8 7 0 1 6 1 2 3 8 9 5 1 8 2 4 5 7 8 6 0 1 2 3 5 6 7 8 5 3 7 6
0 8 7 2 4 5 4 5 2 1 3 4 5 6 7 8 5 4 1 2 4 6 9 3 4 5 6 3 8 3 7 8 6 0 1 2 3 4 6 9 3 4 5 6 3 8 3 2 3 4 5 6 7 8 7 0 1 6 1 2 3 4 5 6 3 8 3 2 3 4 5 6 7 8 7 0 1 6 1 2 3 8 9 5 1 8 2 4 5 7 8 7 0 1 6 1 2 3 1 2
9 1 2 3 4 5 6 7 8 0 7 8 5 4 1 2 4 6 9 3 4 5 6 3 8 3 7 8 6 0 1 2 3 4 6 9 3 4 5 6 3 8 3 2 3 4 5 6 7 8 7 0 1 6 1 2 3 4 5 6 3 8 3 2 3 4 5 6 7 8 7 0 1 6 1 2 3 8 9 5 1 8 2 4 5 7 8 6 0 1 2 3 5 6 7 8 5 3 7 6
0 1 2 3 4 5 6 7 8 9 1 2 3 4 5 6 7 8 9 0 6 9 3 4 5 6 3 8 3 2 3 4 5 6 7 8 7 0 1 6 1 2 3 8 9 5 1 8 2 4 5 6 7 8 6 0 1 2 3 9 1 2 3 4 5 6 7 8 0 1 2 3 4 5 6 7 8 9 0 1 2 3 4 5 6 7 8 9 0 1 8 2 4 5 7 8 6 0 1 5
4 5 6 7 8 6 0 1 2 3 1 2 3 4 5 6 7 8 9 0 4 5 6 7 8 6 0 1 2 3 4 6 9 3 4 5 6 3 8 3 2 3 4 5 6 7 8 7 0 1 6 1 2 3 8 9 5 1 8 2 4 5 6 7 8 6 0 1 2 3 9 1 2 3 4 5 6 7 8 0 1 2 3 4 5 6 7 8 9 0 1 2 3 4 5 6 7 8 9 0
3 4 5 6 7 8 5 4 1 2 3 4 5 6 7 8 5 4 1 2 4 6 9 3 4 5 6 3 8 3 7 8 6 0 1 2 3 4 6 9 3 4 5 6 3 8 3 2 3 4 5 6 7 8 7 0 1 6 1 2 3 4 5 6 3 8 3 2 3 4 5 6 7 8 7 0 1 6 1 2 3 8 9 5 1 8 2 4 5 7 8 7 0 1 6 1 2 3 1 2
6 1 2 3 8 9 5 1 8 2 7 8 5 4 1 2 4 6 9 3 4 5 6 3 8 3 7 8 6 0 1 2 3 4 6 9 3 4 5 6 3 8 3 2 3 4 5 6 7 8 7 0 1 6 1 2 3 4 5 6 3 8 3 2 3 4 5 6 7 8 7 0 1 6 1 2 3 8 9 5 1 8 2 4 5 7 8 6 0 1 2 3 5 6 7 8 5 3 7 6
0 8 7 2 4 5 4 5 2 1 3 4 5 6 7 8 5 4 1 2 4 6 9 3 4 5 6 3 8 3 7 8 6 0 1 2 3 4 6 9 3 4 5 6 3 8 3 2 3 4 5 6 7 8 7 0 1 6 1 2 3 4 5 6 3 8 3 2 3 4 5 6 7 8 7 0 1 6 1 2 3 8 9 5 1 8 2 4 5 7 8 7 0 1 6 1 2 3 1 2
9 1 2 3 4 5 6 7 8 0 7 8 5 4 1 2 4 6 9 3 4 5 6 3 8 3 7 8 6 0 1 2 3 4 6 9 3 4 5 6 3 8 3 2 3 4 5 6 7 8 7 0 1 6 1 2 3 4 5 6 3 8 3 2 3 4 5 6 7 8 7 0 1 6 1 2 3 8 9 5 1 8 2 4 5 7 8 6 0 1 2 3 5 6 7 8 5 3 7 6
0 1 2 3 4 5 6 7 8 9 1 2 3 4 5 6 7 8 9 0 4 5 6 7 8 6 0 1 2 3 4 6 9 3 4 5 6 3 8 3 2 3 4 5 6 7 8 7 0 1 6 1 2 3 8 9 5 1 8 2 4 5 6 7 8 6 0 1 2 3 9 1 2 3 4 5 6 7 8 0 1 2 3 4 5 6 7 8 9 0 1 2 3 4 5 6 7 8 9 0
1 2 3 4 5 6 7 8 9 0 1 2 3 4 5 6 7 8 9 0 4 5 6 7 8 6 0 1 2 3 4 6 9 3 4 5 6 3 8 3 2 3 4 5 6 7 8 7 0 1 6 1 2 3 8 9 5 1 8 2 4 5 6 7 8 6 0 1 2 3 9 1 2 3 4 5 6 7 8 7 0 1 4 5 6 7 8 6 0 1 2 3 3 4 5 6 7 8 5 4
1 2 0 1 2 8 4 5 3 7 6 4 4 6 9 3 4 5 6 3 8 3 6 1 2 3 8 9 5 1 8 2 0 8 7 2 4 5 4 5 2 1 7 8 6 0 1 2 3 1 2 3 4 5 6 7 8 9 0 4 5 6 7 8 6 0 1 2 3 4 6 9 3 4 5 6 3 8 3 2 3 4 5 6 7 8 7 0 1 6 1 2 3 8 9 5 1 8 2 4
5 6 7 8 6 0 1 2 3 9 1 2 3 4 5 6 7 8 0 1 2 3 4 5 6 7 8 9 0 1 2 3 4 5 6 7 8 9 0 4 5 6 7 8 6 0 1 2 3 1 2 3 4 5 6 7 8 9 0 4 5 6 7 8 6 0 1 2 3 4 6 9 3 4 5 6 3 8 3 2 3 4 5 6 7 8 7 0 1 6 9 1 2 3 4 5 6 7 8 0
3 4 5 6 7 8 5 4 1 2 3 4 5 6 7 8 5 4 1 2 4 6 9 3 4 5 6 3 8 3 7 8 6 0 1 2 3 4 6 9 3 4 5 6 3 8 3 2 3 4 5 6 7 8 7 0 1 6 1 2 3 4 5 6 3 8 3 2 3 4 5 6 7 8 7 0 1 6 1 2 3 8 9 5 1 8 2 4 5 7 8 7 0 1 6 1 2 3 1 2
6 1 2 3 8 9 5 1 8 2 7 8 5 4 1 2 4 6 9 3 4 5 6 3 8 3 7 8 6 0 1 2 3 4 6 9 3 4 5 6 3 8 3 2 3 4 5 6 7 8 7 0 1 6 1 2 3 4 5 6 3 8 3 2 3 4 5 6 7 8 7 0 1 6 1 2 3 8 9 5 1 8 2 4 5 7 8 6 0 1 2 3 5 6 7 8 5 3 7 6
0 8 7 2 4 5 4 5 2 1 3 4 5 6 7 8 5 4 1 2 4 6 9 3 4 5 6 3 8 3 7 8 6 0 1 2 3 4 6 9 3 4 5 6 3 8 3 2 3 4 5 6 7 8 7 0 1 6 1 2 3 4 5 6 3 8 3 2 3 4 5 6 7 8 7 0 1 6 1 2 3 8 9 5 1 8 2 4 5 7 8 7 0 1 6 1 2 3 1 2
9 1 2 3 4 5 6 7 8 0 7 8 5 4 1 2 4 6 9 3 4 5 6 3 8 3 7 8 6 0 1 2 3 4 6 9 3 4 5 6 3 8 3 2 3 4 5 6 7 8 7 0 1 6 1 2 3 4 5 6 3 8 3 2 3 4 5 6 7 8 7 0 1 6 1 2 3 8 9 5 1 8 2 4 5 7 8 6 0 1 2 3 5 6 7 8 5 3 7 6
0 1 2 3 4 5 6 7 8 9 1 2 3 4 5 6 7 8 9 0 4 5 6 7 8 6 0 1 2 3 4 6 9 3 4 5 6 3 8 3 2 3 4 5 6 7 8 7 0 1 6 1 2 3 8 9 5 1 8 2 4 5 6 7 8 6 0 1 2 3 9 1 2 3 4 5 6 7 8 0 1 2 3 4 5 6 7 8 9 0 1 2 3 4 5 6 7 8 9 0
1 2 3 4 5 6 7 8 9 0 1 2 3 4 5 6 7 8 9 0 4 5 6 7 8 6 0 1 2 3 4 6 9 3 4 5 6 3 8 3 2 3 4 5 6 7 8 7 0 1 6 1 2 3 8 9 5 1 8 2 4 5 6 7 8 6 0 1 2 3 9 1 2 3 4 5 6 7 8 0 1 2 3 4 5 6 7 8 9 0 1 2 3 4 5 6 7 8 9 0
2 3 4 5 6 7 8 7 0 1 1 2 3 4 5 6 7 8 9 0 4 5 6 7 8 6 0 1 2 3 4 6 9 3 4 5 6 3 8 3 2 3 4 5 6 7 8 7 0 1 6 1 2 3 8 9 5 1 8 2 4 5 6 7 8 6 0 1 2 3 9 1 2 3 4 5 6 7 8 0 1 2 3 4 5 6 7 8 9 0 1 2 3 4 5 6 7 8 9 0
4 5 6 7 8 6 0 1 2 3 1 2 3 4 5 6 7 8 9 0 4 5 6 7 8 6 0 1 2 3 4 6 9 3 4 5 6 3 8 3 2 3 4 5 6 7 8 7 0 1 6 1 2 3 8 9 5 1 8 2 4 5 6 7 8 6 0 1 2 3 9 1 2 3 4 5 6 7 8 0 1 2 3 4 5 6 7 8 9 0 1 2 3 4 5 6 7 8 9 0
3 4 5 6 7 8 5 4 1 2 3 4 5 6 7 8 5 4 1 2 4 6 9 3 4 5 6 3 8 3 7 8 6 0 1 2 3 4 6 9 3 4 5 6 3 8 3 2 3 4 5 6 7 8 7 0 1 6 1 2 3 4 5 6 3 8 3 2 3 4 5 6 7 8 7 0 1 6 1 2 3 8 9 5 1 8 2 4 5 7 8 7 0 1 6 1 2 3 1 2
6 1 2 3 8 9 5 1 8 2 7 8 5 4 1 2 4 6 9 3 4 5 6 3 8 3 7 8 6 0 1 2 3 4 6 9 3 4 5 6 3 8 3 2 3 4 5 6 7 8 7 0 1 6 1 2 3 4 5 6 3 8 3 2 3 4 5 6 7 8 7 0 1 6 1 2 3 8 9 5 1 8 2 4 5 7 8 6 0 1 2 3 5 6 7 8 5 3 7 6
0 8 7 2 4 5 4 5 2 1 3 4 5 6 7 8 5 4 1 2 4 6 9 3 4 5 6 3 8 3 7 8 6 0 1 2 3 4 6 9 3 4 5 6 3 8 3 2 3 4 5 6 7 8 7 0 1 6 1 2 3 4 5 6 3 8 3 2 3 4 5 6 7 8 7 0 1 6 1 2 3 8 9 5 1 8 2 4 5 7 8 7 0 1 6 1 2 3 1 2
9 1 2 3 4 5 6 7 8 0 7 8 5 4 1 2 4 6 9 3 4 5 6 3 8 3 7 8 6 0 1 2 3 4 6 9 3 4 5 6 3 8 3 2 3 4 5 6 7 8 7 0 1 6 1 2 3 4 5 6 3 8 3 2 3 4 5 6 7 8 7 0 1 6 1 2 3 8 9 5 1 8 2 4 5 7 8 6 0 1 2 3 5 6 7 8 5 3 7 6
0 1 2 3 4 5 6 7 8 9 1 2 3 4 5 6 7 8 9 0 6 9 3 4 5 6 3 8 3 2 3 4 5 6 7 8 7 0 1 6 1 2 3 8 9 5 1 8 2 4 5 6 7 8 6 0 1 2 3 9 1 2 3 4 5 6 7 8 0 1 2 3 4 5 6 7 8 9 0 1 2 3 4 5 6 7 8 9 0 1 8 2 4 5 7 8 6 0 1 5
0 1 2 8 4 5 3 7 6 4 9 1 2 3 4 5 6 7 8 0 0 1 2 3 4 5 6 7 8 9 1 2 3 4 5 6 7 8 9 0 2 3 4 5 6 7 8 7 0 1 4 5 6 7 8 6 0 1 2 3 4 6 9 3 4 5 6 3 8 3 6 1 2 3 8 9 5 1 8 2 0 8 7 2 4 5 4 5 2 1 9 1 2 3 4 5 6 7 8 0
0 1 2 3 4 5 6 7 8 9 1 2 3 4 5 6 7 8 9 0 2 3 4 5 6 7 8 7 0 1 4 5 6 7 8 6 0 1 2 3 3 4 5 6 7 8 5 4 1 2 0 1 2 8 4 5 3 7 6 4 4 6 9 3 4 5 6 3 8 3 6 1 2 3 8 9 5 1 8 2 0 8 7 2 4 5 4 5 2 1 9 1 2 3 4 5 6 7 8 0
0 1 2 3 4 5 6 7 8 9 1 2 3 4 5 6 7 8 9 0 2 3 4 5 6 7 8 7 0 1 4 5 6 7 8 6 0 1 2 3 3 4 5 6 7 8 5 4 1 2 9 1 2 3 4 5 6 7 8 0 7 8 5 4 1 2 4 6 9 3 4 5 6 3 8 3 7 8 6 0 1 2 3 4 6 9 3 4 5 6 3 8 3 2 3 4 5 6 7 8
7 0 1 6 1 2 3 4 5 6 3 8 3 2 3 4 5 6 7 8 7 0 1 6 1 2 3 8 9 5 1 8 2 4 5 7 8 6 0 1 2 3 5 6 7 8 5 3 7 6 4 5 6 3 8 3 7 8 6 0 1 2 3 4 6 9 3 4 5 6 3 8 3 2 3 4 5 6 7 8 7 0 1 6 1 2 3 4 5 6 3 8 3 2 3 4 5 6 7 8
7 0 1 6 1 2 3 8 9 5 1 8 2 4 5 7 8 7 0 1 6 1 2 3 1 2 4 5 6 3 8 3 2 3 4 5 6 7 8 7 0 1 6 1 2 3 8 9 5 1 8 2 4 5 6 7 8 6 0 1 2 3 9 1 2 3 4 5 6 7 8 7 0 1 4 5 6 7 8 6 0 1 2 3 3 4 5 6 7 8 5 4 6 7 8 6 0 1 2 3
1 2 0 1 2 8 4 5 3 7 6 4 4 6 9 3 4 5 6 3 8 3 6 1 2 3 8 9 5 1 8 2 0 8 7 2 4 5 4 5 2 1 7 8 6 0 1 2 3 1 2 3 4 5 6 7 8 9 0 4 5 6 7 8 6 0 1 2 3 4 6 9 3 4 5 6 3 8 3 2 3 4 5 6 7 8 7 0 1 6 1 2 3 8 9 5 1 8 2 4
5 6 7 8 6 0 1 2 3 9 1 2 3 4 5 6 7 8 0 1 2 3 4 5 6 7 8 9 0 1 2 3 4 5 6 7 8 9 0 4 5 6 7 8 6 0 1 2 3 1 2 3 4 5 6 7 8 9 0 4 5 6 7 8 6 0 1 2 3 4 6 9 3 4 5 6 3 8 3 2 3 4 5 6 7 8 7 0 1 6 9 1 2 3 4 5 6 7 8 0
3 4 5 6 7 8 5 4 1 2 3 4 5 6 7 8 5 4 1 2 4 6 9 3 4 5 6 3 8 3 7 8 6 0 1 2 3 4 6 9 3 4 5 6 3 8 3 2 3 4 5 6 7 8 7 0 1 6 1 2 3 4 5 6 3 8 3 2 3 4 5 6 7 8 7 0 1 6 1 2 3 8 9 5 1 8 2 4 5 7 8 7 0 1 6 1 2 3 1 2
6 1 2 3 8 9 5 1 8 2 7 8 5 4 1 2 4 6 9 3 4 5 6 3 8 3 7 8 6 0 1 2 3 4 6 9 3 4 5 6 3 8 3 2 3 4 5 6 7 8 7 0 1 6 1 2 3 4 5 6 3 8 3 2 3 4 5 6 7 8 7 0 1 6 1 2 3 8 9 5 1 8 2 4 5 7 8 6 0 1 2 3 5 6 7 8 5 3 7 6
0 8 7 2 4 5 4 5 2 1 3 4 5 6 7 8 5 4 1 2 4 6 9 3 4 5 6 3 8 3 7 8 6 0 1 2 3 4 6 9 3 4 5 6 3 8 3 2 3 4 5 6 7 8 7 0 1 6 1 2 3 4 5 6 3 8 4 5 6 3 8 3 2 3 4 5 6 7 8 7 0 1 6 9 1 2 3 4 5 6 7 8 0 4 5 6 7 8 7 8
6 1 2 3 8 9 5 1 8 2 7 8 5 4 1 2 4 6 9 3 4 5 6 3 8 3 7 8 6 0 1 2 3 4 6 9 3 4 5 6 3 8 3 2 3 4 5 6 7 8 7 0 1 6 1 2 3 4 5 6 3 8 3 2 3 4 5 6 7 8 7 0 1 6 1 2 3 8 9 5 1 8 2 4 5 7 8 6 0 1 2 3 5 6 7 8 5 3 7 6
0 8 7 2 4 5 4 5 2 1 3 4 5 6 7 8 5 4 1 2 4 6 9 3 4 5 6 3 8 3 7 8 6 0 1 2 3 4 6 9 3 4 5 6 3 8 3 2 3 4 5 6 7 8 7 0 1 6 1 2 3 4 5 6 3 8 3 2 3 4 5 6 7 8 7 0 1 6 1 2 3 8 9 5 1 8 2 4 5 7 8 7 0 1 6 1 2 3 1 2
9 1 2 3 4 5 6 7 8 0 7 8 5 4 1 2 4 6 9 3 4 5 6 3 8 3 7 8 6 0 1 2 3 4 6 9 3 4 5 6 3 8 3 2 3 4 5 6 7 8 7 0 1 6 1 2 3 4 5 6 3 8 3 2 3 4 5 6 7 8 7 0 1 6 1 2 3 8 9 5 1 8 2 4 5 7 8 6 0 1 2 3 5 6 7 8 5 3 7 6
0 1 2 3 4 5 6 7 8 9 1 2 3 4 5 6 7 8 9 0 4 5 6 7 8 6 0 1 2 3 4 6 9 3 4 5 6 3 8 3 2 3 4 5 6 7 8 7 0 1 6 1 2 3 8 9 5 1 8 2 4 5 6 7 8 6 0 1 2 3 9 1 2 3 4 5 6 7 8 0 1 2 3 4 5 6 7 8 9 0 1 2 3 4 5 6 7 8 9 0
1 2 3 4 5 6 7 8 9 0 1 2 3 4 5 6 7 8 9 0 4 5 6 7 8 6 0 1 2 3 4 6 9 3 4 5 6 3 8 3 2 3 4 5 6 7 8 7 0 1 6 1 2 3 8 9 5 1 8 2 4 5 6 7 8 6 0 1 2 3 9 1 2 3 4 5 6 7 8 0 1 2 3 4 5 6 7 8 9 0 1 2 3 4 5 6 7 8 9 0
2 3 4 5 6 7 8 7 0 1 1 2 3 4 5 6 7 8 9 0 4 5 6 7 8 6 0 1 2 3 4 6 9 3 4 5 6 3 8 3 2 3 4 5 6 7 8 7 0 1 6 1 2 3 8 9 5 1 8 2 4 5 6 7 8 6 0 1 2 3 9 1 2 3 4 5 6 7 8 0 1 2 3 4 5 6 7 8 9 0 1 2 3 4 5 6 7 8 9 0
4 5 6 7 8 6 0 1 2 3 1 2 3 4 5 6 7 8 9 0 4 5 6 7 8 6 0 1 2 3 4 6 9 3 4 5 6 3 8 3 2 3 4 5 6 7 8 7 0 1 6 1 2 3 8 9 5 1 8 2 4 5 6 7 8 6 0 1 2 3 9 1 2 3 4 5 6 7 8 0 1 2 3 4 5 6 7 8 9 0 1 2 3 4 5 6 7 8 9 0
3 4 5 6 7 8 5 4 1 2 3 4 5 6 7 8 5 4 1 2 4 6 9 3 4 5 6 3 8 3 7 8 6 0 1 2 3 4 6 9 3 4 5 6 3 8 3 2 3 4 5 6 7 8 7 0 1 6 1 2 3 4 5 6 3 8 3 2 3 4 5 6 7 8 7 0 1 6 1 2 3 8 9 5 1 8 2 4 5 7 8 7 0 1 6 1 2 3 1 2
6 1 2 3 8 9 5 1 8 2 7 8 5 4 1 2 4 6 9 3 4 5 6 3 8 3 7 8 6 0 1 2 3 4 6 9 3 4 5 6 3 8 3 2 3 4 5 6 7 8 7 0 1 6 1 2 3 4 5 6 3 8 3 2 3 4 5 6 7 8 7 0 1 6 1 2 3 8 9 5 1 8 2 4 5 7 8 6 0 1 2 3 5 6 7 8 5 3 7 6
0 8 7 2 4 5 4 5 2 1 3 4 5 6 7 8 5 4 1 2 4 6 9 3 4 5 6 3 8 3 7 8 6 0 1 2 3 4 6 9 3 4 5 6 3 8 3 2 3 4 5 6 7 8 7 0 1 6 1 2 3 4 5 6 3 8 3 2 3 4 5 6 7 8 7 0 1 6 1 2 3 8 9 5 1 8 2 4 5 7 8 7 0 1 6 1 2 3 1 2
9 1 2 3 4 5 6 7 8 0 7 8 5 4 1 2 4 6 9 3 4 5 6 3 8 3 7 8 6 0 1 2 3 4 6 9 3 4 5 6 3 8 3 2 3 4 5 6 7 8 7 0 1 6 1 2 3 4 5 6 3 8 3 2 3 4 5 6 7 8 7 0 1 6 1 2 3 8 9 5 1 8 2 4 5 7 8 6 0 1 2 3 5 6 7 8 5 3 7 6
0 1 2 3 4 5 6 7 8 9 1 2 3 4 5 6 7 8 9 0 6 9 3 4 5 6 3 8 3 2 3 4 5 6 7 8 7 0 1 6 1 2 3 8 9 5 1 8 2 4 5 4 5 6 3 8 3 2 3 4 5 6 7 8 7 0 1 6 1 2 3 8 9 5 1 8 2 4 5 7 8 6 0 1 2 3 5 6 7 8 5 3 7 6 3 8 3 2 3 4
0 1 2 3 4 5 6 7 8 9 1 2 3 4 5 6 7 8 9 0 4 5 6 7 8 6 0 1 2 3 4 6 9 3 4 5 6 3 8 3 2 3 4 5 6 7 8 7 0 1 6 1 2 3 8 9 5 1 8 2 4 5 6 7 8 6 0 1 2 3 9 1 2 3 4 5 6 7 8 0 1 2 3 4 5 6 7 8 9 0 1 2 3 4 5 6 7 8 9 0
1 2 3 4 5 6 7 8 9 0 1 2 3 4 5 6 7 8 9 0 4 5 6 7 8 6 0 1 2 3 4 6 9 3 4 5 6 3 8 3 2 3 4 5 6 7 8 7 0 1 6 1 2 3 8 9 5 1 8 2 4 5 6 7 8 6 0 1 2 3 9 1 2 3 4 5 6 7 8 7 0 1 4 5 6 7 8 6 0 1 2 3 3 4 5 6 7 8 5 4
1 2 0 1 2 8 4 5 3 7 6 4 4 6 9 3 4 5 6 3 8 3 6 1 2 3 8 9 5 1 8 2 0 8 7 2 4 5 4 5 2 1 7 8 6 0 1 2 3 1 2 3 4 5 6 7 8 9 0 4 5 6 7 8 6 0 1 2 3 4 6 9 3 4 5 6 3 8 3 2 3 4 5 6 7 8 7 0 1 6 1 2 3 8 9 5 1 8 2 4
5 6 7 8 6 0 1 2 3 9 1 2 3 4 5 6 7 8 0 1 2 3 4 5 6 7 8 9 0 1 2 3 4 5 6 7 8 9 0 4 5 6 7 8 6 0 1 2 3 1 2 3 4 5 6 7 8 9 0 4 5 6 7 8 6 0 1 2 3 4 6 9 3 4 5 6 3 8 3 2 3 4 5 6 7 8 7 0 1 6 9 1 2 3 4 5 6 7 8 0
3 4 5 6 7 8 5 4 1 2 3 4 5 6 7 8 5 4 1 2 4 6 9 3 4 5 6 3 8 3 7 8 6 0 1 2 3 4 6 9 3 4 5 6 3 8 3 2 3 4 5 6 7 8 7 0 1 6 1 2 3 4 5 6 3 8 3 2 3 4 5 6 7 8 7 0 1 6 1 2 3 8 9 5 1 8 2 4 5 7 8 7 0 1 6 1 2 3 1 2
6 1 2 3 8 9 5 1 8 2 7 8 5 4 1 2 4 6 9 3 4 5 6 3 8 3 7 8 6 0 1 2 3 4 6 9 3 4 5 6 3 8 3 2 3 4 5 6 7 8 7 0 1 6 1 2 3 4 5 6 3 8 3 2 3 4 5 6 7 8 7 0 1 6 1 2 3 8 9 5 1 8 2 4 5 7 8 6 0 1 2 3 5 6 7 8 5 3 7 6
0 8 7 2 4 5 4 5 2 1 3 4 5 6 7 8 5 4 1 2 4 6 9 3 4 5 6 3 8 3 7 8 6 0 1 2 3 4 6 9 3 4 5 6 3 8 3 2 3 4 5 6 7 8 7 0 1 6 1 2 3 4 5 6 3 8 3 2 3 4 5 6 7 8 7 0 1 6 1 2 3 8 9 5 1 8 2 4 5 7 8 7 0 1 6 1 2 3 1 2
9 1 2 3 4 5 6 7 8 0 7 8 5 4 1 2 4 6 9 3 4 5 6 3 8 3 7 8 6 0 1 2 3 4 6 9 3 4 5 6 3 8 3 2 3 4 5 6 7 8 7 0 1 6 1 2 3 4 5 6 3 8 3 2 3 4 5 6 7 8 7 0 1 6 1 2 3 8 9 5 1 8 2 4 5 7 8 6 0 1 2 3 5 6 7 8 5 3 7 6
0 1 2 3 4 5 6 7 8 9 1 2 3 4 5 6 7 8 9 0 4 5 6 7 8 6 0 1 2 3 4 6 9 3 4 5 6 3 8 3 2 3 4 5 6 7 8 7 0 1 6 1 2 3 8 9 5 1 8 2 4 5 6 7 8 6 0 1 2 3 9 1 2 3 4 5 6 7 8 0 1 2 3 4 5 6 7 8 9 0 1 2 3 4 5 6 7 8 9 0
1 2 3 4 5 6 7 8 9 0 1 2 3 4 5 6 7 8 9 0 4 5 6 7 8 6 0 1 2 3 4 6 9 3 4 5 6 3 8 3 2 3 4 5 6 7 8 7 0 1 6 1 2 3 8 9 5 1 8 2 4 5 6 7 8 6 0 1 2 3 9 1 2 3 4 5 6 7 8 0 1 2 3 4 5 6 7 8 9 0 1 2 3 4 5 6 7 8 9 0
2 3 4 5 6 7 8 7 0 1 1 2 3 4 5 6 7 8 9 0 4 5 6 7 8 6 0 1 2 3 4 6 9 3 4 5 6 3 8 3 2 3 4 5 6 7 8 7 0 1 6 1 2 3 8 9 5 1 8 2 4 5 6 7 8 6 0 1 2 3 9 1 2 3 4 5 6 7 8 0 1 2 3 4 5 6 7 8 9 0 1 2 3 4 5 6 7 8 9 0
4 5 6 7 8 6 0 1 2 3 1 2 3 4 5 6 7 8 9 0 4 5 6 7 8 6 0 1 2 3 4 6 9 3 4 5 6 3 8 3 2 3 4 5 6 7 8 7 0 1 6 1 2 3 8 9 5 1 8 2 4 5 6 7 8 6 0 1 2 3 9 1 2 3 4 5 6 7 8 0 1 2 3 4 5 6 7 8 9 0 1 2 3 4 5 6 7 8 9 0
3 4 5 6 7 8 5 4 1 2 3 4 5 6 7 8 5 4 1 2 4 6 9 3 4 5 6 3 8 3 7 8 6 0 1 2 3 4 6 9 3 4 5 6 3 8 3 2 3 4 5 6 7 8 7 0 1 6 1 2 3 4 5 6 3 8 3 2 3 4 5 6 7 8 7 0 1 6 1 2 3 8 9 5 1 8 2 4 5 7 8 7 0 1 6 1 2 3 1 2
6 1 2 3 8 9 5 1 8 2 7 8 5 4 1 2 4 6 9 3 4 5 6 3 8 3 7 8 6 0 1 2 3 4 6 9 3 4 5 6 3 8 3 2 3 4 5 6 7 8 7 0 1 6 1 2 3 4 5 6 3 8 3 2 3 4 5 6 7 8 7 0 1 6 1 2 3 8 9 5 1 8 2 4 5 7 8 6 0 1 2 3 5 6 7 8 5 3 7 6
0 8 7 2 4 5 4 5 2 1 3 4 5 6 7 8 5 4 1 2 4 6 9 3 4 5 6 3 8 3 7 8 6 0 1 2 3 4 6 9 3 4 5 6 3 8 3 2 3 4 5 6 7 8 7 0 1 6 1 2 3 4 5 6 3 8 3 2 3 4 5 6 7 8 7 0 1 6 1 2 3 8 9 5 1 8 2 4 5 7 8 7 0 1 6 1 2 3 1 2
0 1 2 8 4 5 3 7 6 4 4 6 9 3 4 5 6 3 8 3 6 1 2 3 8 9 5 1 8 2 0 8 7 2 4 5 4 5 2 1 9 1 2 3 4 5 6 7 8 0 0 1 2 3 4 5 6 7 8 9 1 2 3 4 5 6 7 8 9 0 2 3 4 5 6 7 8 7 0 1 4 5 6 7 8 6 0 1 2 3 3 4 5 6 7 8 5 4 1 2
0 1 2 8 4 5 3 7 6 4 4 6 9 3 4 5 6 3 8 3 6 1 2 3 8 9 5 1 8 2 0 8 7 2 4 5 4 5 2 1 9 1 2 3 4 5 6 7 8 0 0 1 2 3 4 5 6 7 8 9 1 2 3 4 5 6 7 8 9 0 2 3 4 5 6 7 8 7 0 1 4 5 6 7 8 6 0 1 2 3 3 4 5 6 7 8 5 4 1 2
0 1 2 8 4 5 3 7 6 4 4 6 9 3 4 5 6 3 8 3 6 1 2 3 8 9 5 1 8 2 0 8 7 2 4 5 4 5 2 1 9 1 2 3 4 5 6 7 8 0 1 2 3 4 5 6 7 8 9 0 2 3 4 5 6 7 8 7 0 1 4 5 6 7 8 6 0 1 2 3 3 4 5 6 7 8 5 4 1 2 0 1 2 8 4 5 3 7 6 4
4 6 9 3 4 5 6 3 8 3 6 1 2 3 8 9 5 1 8 2 0 8 7 2 4 5 4 5 2 1 9 1 2 3 4 5 6 7 8 0 0 1 2 3 4 5 6 7 8 9 1 2 3 4 5 6 7 8 9 0 2 3 4 5 6 7 8 7 0 1 4 5 6 7 8 6 0 1 2 3 3 4 5 6 7 8 5 4 1 2 0 1 2 8 4 5 3 7 6 4
4 6 9 3 4 5 6 3 8 3 6 1 2 3 8 9 5 1 8 2 0 8 7 2 4 5 4 5 2 1 9 1 2 3 4 5 6 7 8 0 0 1 2 3 4 5 6 7 8 9 1 2 3 4 5 6 7 8 9 0 2 3 4 5 6 7 8 7 0 1 4 5 6 7 8 6 0 1 2 3 3 4 5 6 7 8 5 4 1 2 0 1 2 8 4 5 3 7 6 4
4 6 9 3 4 5 6 3 8 3 3 4 5 6 3 8 3 2 3 4 5 6 7 8 7 0 1 6 1 2 3 8 9 5 1 8 2 4 5 6 7 8 6 0 1 2 3 9 1 2 3 4 5 6 7 8 0 1 2 3 4 5 6 7 8 9 0 1 2 3 4 5 6 7 8 9 0 6 7 8 7 0 1 6 1 2 3 4 5 6 3 8 3 2 3 4 5 6 7 8
7 0 1 6 1 2 3 8 9 5 1 8 2 4 5 7 8 7 0 1 6 1 2 3 1 2 6 1 2 3 8 9 5 1 8 2 7 8 5 4 1 2 4 6 9 3 4 5 6 3 8 3 7 8 6 0 1 2 3 4 6 9 3 4 5 6 3 8 3 2 3 4 5 6 7 8 7 0 1 6 4 5 6 7 8 6 0 1 2 3 1 2 3 4 5 6 7 8 9 0
4 5 6 7 8 6 0 1 2 3 4 6 9 3 4 5 6 3 8 3 2 3 4 5 6 7 8 7 0 1 6 1 2 3 8 9 5 1 8 2 4 5 6 7 8 6 0 1 2 3 9 1 2 3 4 5 6 7 8 0 1 2 3 4 5 6 7 8 9 0 1 2 3 4 5 6 7 8 9 0 3 4 5 6 7 8 5 4 1 2 3 4 5 6 7 8 5 4 1 2
4 6 9 3 4 5 6 3 8 3 7 8 6 0 1 2 3 4 6 9 3 4 5 6 3 8 3 2 3 4 5 6 7 8 7 0 1 6 1 2 3 4 5 6 3 8 3 2 3 4 5 6 7 8 7 0 1 6 1 2 3 8 9 5 1 8 2 4 5 7 8 7 0 1 6 1 2 3 1 2 6 1 2 3 8 9 5 1 8 2 7 8 5 4 1 2 4 6 9 3
4 5 6 3 8 3 7 8 6 0 1 2 3 4 6 9 3 4 5 6 3 8 3 2 3 4 5 6 7 8 7 0 1 6 1 2 3 4 5 6 3 8 3 2 3 4 5 6 7 8 7 0 1 6 1 2 3 8 9 5 1 8 2 4 5 7 8 6 0 1 2 3 5 6 7 8 5 3 7 6 0 8 7 2 4 5 4 5 2 1 3 4 5 6 7 8 5 4 1 2
4 6 9 3 4 5 6 3 8 3 7 8 6 0 1 2 3 4 6 9 3 4 5 6 3 8 3 2 3 4 5 6 7 8 7 0 1 6 1 2 3 4 5 6 3 8 3 2 3 4 5 6 7 8 7 0 1 6 1 2 3 8 9 5 1 8 2 4 5 7 8 7 0 1 6 1 2 3 1 2 0 1 2 8 4 5 3 7 6 4 4 6 9 3 4 5 6 3 8 3
6 1 2 3 8 9 5 1 8 2 0 8 7 2 4 5 4 5 2 1 9 1 2 3 4 5 6 7 8 0 0 1 2 3 4 5 6 7 8 9 1 2 3 4 5 6 7 8 9 0 2 3 4 5 6 7 8 7 0 1 4 5 6 7 8 6 0 1 2 3 3 4 5 6 7 8 5 4 1 2 0 1 2 8 4 5 3 7 6 4 4 6 9 3 4 5 6 3 8 3
6 1 2 3 8 9 5 1 8 2 0 8 7 2 4 5 4 5 2 1 9 1 2 3 4 5 6 7 8 0 0 1 2 3 4 5 6 7 8 9 1 2 3 4 5 6 7 8 9 0 2 3 4 5 6 7 8 7 0 1 4 5 6 7 8 6 0 1 2 3 3 4 5 6 7 8 5 4 1 2 0 1 2 8 4 5 3 7 6 4 4 6 9 3 4 5 6 3 8 3
6 1 2 3 8 9 5 1 8 2 0 8 7 2 4 5 4 5 2 1 9 1 2 3 4 5 6 7 8 0 6 1 2 3 8 9 5 1 8 2 0 8 7 2 4 5 4 5 2 1 9 1 2 3 4 5 6 7 8 0 0 1 2 3 4 5 6 7 8 9 1 2 3 4 5 6 7 8 9 0 2 3 4 5 6 7 8 7 0 1 4 5 6 7 8 6 0 1 2 3
3 4 5 6 7 8 5 4 1 2 0 1 2 8 4 5 3 7 6 4 4 6 9 3 4 5 6 3 8 3 6 1 2 3 8 9 5 1 8 2 0 8 7 2 4 5 4 5 2 1 9 1 2 3 4 5 6 7 8 0 0 1 2 3 4 5 6 7 8 9 1 2 3 4 5 6 7 8 9 0 2 3 4 5 6 7 8 7 0 1 4 5 6 7 8 6 0 1 2 3
3 4 5 6 7 8 5 4 1 2 0 1 2 8 4 5 3 7 6 4 4 6 9 3 4 5 6 3 8 3 6 1 2 3 8 9 5 1 8 2 0 8 7 2 4 5 4 5 2 1 9 1 2 3 4 5 6 7 8 0 0 1 2 8 4 5 3 7 6 4 4 6 9 3 4 5 6 3 8 3 6 1 2 3 8 9 5 1 8 2 0 8 7 2 4 5 4 5 2 1
9 1 2 3 4 5 6 7 8 0 1 2 3 4 5 6 7 8 9 0 2 3 4 5 6 7 8 7 0 1 4 5 6 7 8 6 0 1 2 3 3 4 5 6 7 8 5 4 1 2 0 1 2 8 4 5 3 7 6 4 3 8 3 2 3 4 5 6 7 8 7 0 1 6 1 2 3 8 9 5 1 8 2 4 5 7 8 6 0 1 2 3 5 6 7 8 5 3 7 6
4 6 9 3 4 5 6 3 8 3 6 1 2 3 8 9 5 1 8 2 0 8 7 2 4 5 4 5 2 1 9 1 2 3 4 5 6 7 8 0 0 1 2 3 4 5 6 7 8 9 1 2 3 4 5 6 7 8 9 0 2 3 4 5 6 7 8 7 0 1 4 5 6 7 8 6 0 1 2 3 3 4 5 6 7 8 5 4 1 2 0 1 2 8 4 5 3 7 6 4
4 6 9 3 4 5 6 3 8 3 6 1 2 3 8 9 5 1 8 2 0 8 7 2 4 5 4 5 2 1 9 1 2 3 4 5 6 7 8 0 0 1 2 3 4 5 6 7 8 9 1 2 3 4 5 6 7 8 9 0 2 3 4 5 6 7 8 7 0 1 4 5 6 7 8 6 0 1 2 3 3 4 5 6 7 8 5 4 1 2 0 1 2 8 4 5 3 7 6 4
4 6 9 3 4 5 6 3 8 3 3 4 5 6 3 8 3 2 3 4 5 6 7 8 7 0 1 6 1 2 3 8 9 5 1 8 2 4 5 6 7 8 6 0 1 2 3 9 1 2 3 4 5 6 7 8 0 1 2 3 4 5 6 7 8 9 0 1 2 3 4 5 6 7 8 9 0 6 7 8 7 0 1 6 1 2 3 4 5 6 3 8 3 2 3 4 5 6 7 8
7 0 1 6 1 2 3 8 9 5 1 8 2 4 5 7 8 7 0 1 6 1 2 3 1 2 6 1 2 3 8 9 5 1 8 2 7 8 5 4 1 2 4 6 9 3 4 5 6 3 8 3 7 8 6 0 1 2 3 4 6 9 3 4 5 6 3 8 3 2 3 4 5 6 7 8 7 0 1 6 4 5 6 7 8 6 0 1 2 3 1 2 3 4 5 6 7 8 9 0
4 5 6 7 8 6 0 1 2 3 4 6 9 3 4 5 6 3 8 3 2 3 4 5 6 7 8 7 0 1 6 1 2 3 8 9 5 1 8 2 4 5 6 7 8 6 0 1 2 3 9 1 2 3 4 5 6 7 8 0 1 2 3 4 5 6 7 8 9 0 1 2 3 4 5 6 7 8 9 0 3 4 5 6 7 8 5 4 1 2 3 4 5 6 7 8 5 4 1 2
4 6 9 3 4 5 6 3 8 3 7 8 6 0 1 2 3 4 6 9 3 4 5 6 3 8 3 2 3 4 5 6 7 8 7 0 1 6 1 2 3 4 5 6 3 8 3 2 3 4 5 6 7 8 7 0 1 6 1 2 3 8 9 5 1 8 2 4 5 7 8 7 0 1 6 1 2 3 1 2 6 1 2 3 8 9 5 1 8 2 7 8 5 4 1 2 4 6 9 3
6 1 2 3 8 9 5 1 8 2 0 8 7 2 4 5 4 5 2 1 9 1 2 3 4 5 6 7 8 0 0 1 2 3 4 5 6 7 8 9 1 2 3 4 5 6 7 8 9 0 2 3 4 5 6 7 8 7 0 1 4 5 6 7 8 6 0 1 2 3 3 4 5 6 7 8 5 4 1 2 0 1 2 8 4 5 3 7 6 4 4 6 9 3 4 5 6 3 8 3